0 0 0 0
255 255 255 255
127 127 127 255
11
200 200 0 255
255 0 0 255 0 255 0 255
252 141 89 255 255 255 191 255 153 213 148 255
215 25 28 255 253 174 97 255 171 221 164 255 43 131 186 255
215 25 28 255 253 174 97 255 255 255 191 255 171 221 164 255 43 131 186 255
213 62 79 255 252 141 89 255 254 224 139 255 230 245 152 255 153 213 148 255 50 136 189 255
213 62 79 255 252 141 89 255 254 224 139 255 255 255 191 255 230 245 152 255 153 213 148 255 50 136 189 255
213 62 79 255 244 109 67 255 253 174 97 255 254 224 139 255 230 245 152 255 171 221 164 255 102 194 165 255 50 136 189 255
213 62 79 255 244 109 67 255 253 174 97 255 254 224 139 255 255 255 191 255 230 245 152 255 171 221 164 255 102 194 165 255 50 136 189 255
158 1 66 255 213 62 79 255 244 109 67 255 253 174 97 255 254 224 139 255 230 245 152 255 171 221 164 255 171 221 164 255 50 136 189 255 94 79 162 255
158 1 66 255 213 62 79 255 244 109 67 255 253 174 97 255 254 224 139 255 255 255 191 255 230 245 152 255 171 221 164 255 102 194 165 255 50 136 189 255 94 79 162 255
