Mountain -200 200 -20 60 1.0 0.0 30
Mountain -200 200 -20 20 1.0 -1.57 30
Tree -105 5 2.5 10 8 16 16
Tree -150 -15 2.5 10 8 16 16
House -135 -17 30 15 40 25 Never Say
Tree 45 2.5 5 50 7 20 20
Tree 57 5.5 5 50 7 20 20
Tree 85 -15 5 50 7 20 20
House 60.0 -10.0 15.0 12.0 25.0 10.0 Phi Kappa Psi
Tree 75 1.5 5 50 7 20 20
House 30.0 5.0 10.0 11.0 15.0 10.0 Eaton Hall
House 105.0 5.0 10.0 11.0 15.0 10.0 Johnny's
Tree 160 -1 6.5 50 9 20 20
House 155.0 -15.0 10.0 11.0 15.0 10.0 Louise's
Tree -120 -20 3.5 12 8 16 16
House 150 -65 30 20 45 15 Hanson and Brothers
Tree 120.0 -220.0 43.0 220.0 125.0 30 25
Tree 35.0 -135.0 23.0 220.0 45.0 30 25
Tree -70.0 -60.0 17.0 220.0 40.0 30 25
Tree -110.0 -210.0 33.0 220.0 125.0 30 25
Tree -160.0 -110.0 18.0 60.0 45.0 30 25
House -15.0 -150.0 85.0 70.0 95.0 35.0 Free State
House -50 10 30 10 40 10 Never Again
Tree -35 5 3 20 10 12 12
